%YAML:1.0
---
calibration_time: "Fri 04 Jan 2019 05:53:54 PM +0330"
image_width: 960
image_height: 720
flags: 0
camera_matrix: !!opencv-matrix
   rows: 3
   cols: 3
   dt: d
   data: [ 5.62010990e+02, 0., 4.79567625e+02, 0.,
       5.62024738e+02, 3.60001170e+02, 0., 0., 1. ]
distortion_coefficients: !!opencv-matrix
   rows: 1
   cols: 5
   dt: d
   data: [ 7.8e-05, -2.5e-05,
       1.78e-04, -1.8e-05,
       0. ]
avg_reprojection_error: 7.1773643585995239e-01
