# oST version 5.0 parameters


[image]

width
960

height
720

[narrow_stereo]

camera matrix
562.010990 0.000000 479.567625
0.000000 562.024738 360.001170
0.000000 0.000000 1.000000

distortion
0.000078 -0.000025 0.000178 -0.000018 0.000000

rectification
1.000000 0.000000 0.000000
0.000000 1.000000 0.000000
0.000000 0.000000 1.000000

projection
562.170532 0.000000 479.540737 0.000000
0.000000 562.113770 360.171545 0.000000
0.000000 0.000000 1.000000 0.000000

